A=[1 2 3; 1 5 6; 2 6 -2];
A^3
