A=[0 2 -1 -4; 1 -1 5 2; 3 3 -7 -1; -1 -2 3 0];
A([1 2],:)= A([2 1],:);
A